function color = colorTemp10deg(K)
% 输入色温K, 输出RGB颜色
values = [
    1.0000    0.0401         0
    1.0000    0.0631         0
    1.0000    0.0860         0
    1.0000    0.1085         0
    1.0000    0.1303         0
    1.0000    0.1515         0
    1.0000    0.1718         0
    1.0000    0.1912         0
    1.0000    0.2097         0
    1.0000    0.2272         0
    1.0000    0.2484    0.0061
    1.0000    0.2709    0.0153
    1.0000    0.2930    0.0257
    1.0000    0.3149    0.0373
    1.0000    0.3364    0.0501
    1.0000    0.3577    0.0640
    1.0000    0.3786    0.0790
    1.0000    0.3992    0.0950
    1.0000    0.4195    0.1119
    1.0000    0.4394    0.1297
    1.0000    0.4589    0.1483
    1.0000    0.4781    0.1677
    1.0000    0.4970    0.1879
    1.0000    0.5155    0.2087
    1.0000    0.5336    0.2301
    1.0000    0.5515    0.2520
    1.0000    0.5689    0.2745
    1.0000    0.5860    0.2974
    1.0000    0.6028    0.3207
    1.0000    0.6193    0.3444
    1.0000    0.6354    0.3684
    1.0000    0.6511    0.3927
    1.0000    0.6666    0.4172
    1.0000    0.6817    0.4419
    1.0000    0.6966    0.4668
    1.0000    0.7111    0.4919
    1.0000    0.7253    0.5170
    1.0000    0.7392    0.5422
    1.0000    0.7528    0.5675
    1.0000    0.7661    0.5928
    1.0000    0.7792    0.6180
    1.0000    0.7919    0.6433
    1.0000    0.8044    0.6685
    1.0000    0.8167    0.6937
    1.0000    0.8286    0.7187
    1.0000    0.8403    0.7437
    1.0000    0.8518    0.7686
    1.0000    0.8630    0.7933
    1.0000    0.8740    0.8179
    1.0000    0.8847    0.8424
    1.0000    0.8952    0.8666
    1.0000    0.9055    0.8907
    1.0000    0.9156    0.9147
    1.0000    0.9254    0.9384
    1.0000    0.9351    0.9619
    1.0000    0.9445    0.9853
    0.9917    0.9458    1.0000
    0.9696    0.9336    1.0000
    0.9488    0.9219    1.0000
    0.9290    0.9107    1.0000
    0.9102    0.9000    1.0000
    0.8923    0.8897    1.0000
    0.8753    0.8799    1.0000
    0.8591    0.8704    1.0000
    0.8437    0.8614    1.0000
    0.8289    0.8527    1.0000
    0.8149    0.8443    1.0000
    0.8014    0.8363    1.0000
    0.7885    0.8285    1.0000
    0.7762    0.8211    1.0000
    0.7644    0.8139    1.0000
    0.7531    0.8069    1.0000
    0.7423    0.8002    1.0000
    0.7319    0.7938    1.0000
    0.7219    0.7875    1.0000
    0.7123    0.7815    1.0000
    0.7030    0.7757    1.0000
    0.6941    0.7700    1.0000
    0.6856    0.7645    1.0000
    0.6773    0.7593    1.0000
    0.6693    0.7541    1.0000
    0.6617    0.7492    1.0000
    0.6543    0.7444    1.0000
    0.6471    0.7397    1.0000
    0.6402    0.7352    1.0000
    0.6335    0.7308    1.0000
    0.6271    0.7265    1.0000
    0.6208    0.7224    1.0000
    0.6148    0.7183    1.0000
    0.6089    0.7144    1.0000
    0.6033    0.7106    1.0000
    0.5978    0.7069    1.0000
    0.5925    0.7033    1.0000
    0.5873    0.6998    1.0000
    0.5823    0.6964    1.0000
    0.5774    0.6930    1.0000
    0.5727    0.6898    1.0000
    0.5681    0.6866    1.0000
    0.5637    0.6836    1.0000
    0.5593    0.6806    1.0000
    0.5551    0.6776    1.0000
    0.5510    0.6748    1.0000
    0.5470    0.6720    1.0000
    0.5432    0.6693    1.0000
    0.5394    0.6666    1.0000
    0.5357    0.6640    1.0000
    0.5322    0.6615    1.0000
    0.5287    0.6590    1.0000
    0.5253    0.6566    1.0000
    0.5220    0.6542    1.0000
    0.5187    0.6519    1.0000
    0.5156    0.6497    1.0000
    0.5125    0.6474    1.0000
    0.5095    0.6453    1.0000
    0.5066    0.6432    1.0000
    0.5037    0.6411    1.0000
    0.5009    0.6391    1.0000
    0.4982    0.6371    1.0000
    0.4955    0.6351    1.0000
    0.4929    0.6332    1.0000
    0.4904    0.6314    1.0000
    0.4879    0.6295    1.0000
    0.4854    0.6277    1.0000
    0.4831    0.6260    1.0000
    0.4807    0.6243    1.0000
    0.4785    0.6226    1.0000
    0.4762    0.6209    1.0000
    0.4740    0.6193    1.0000
    0.4719    0.6177    1.0000
    0.4698    0.6161    1.0000
    0.4677    0.6146    1.0000
    0.4657    0.6131    1.0000
    0.4638    0.6116    1.0000
    0.4618    0.6102    1.0000
    0.4599    0.6087    1.0000
    0.4581    0.6073    1.0000
    0.4563    0.6060    1.0000
    0.4545    0.6046    1.0000
    0.4527    0.6033    1.0000
    0.4510    0.6020    1.0000
    0.4493    0.6007    1.0000
    0.4477    0.5994    1.0000
    0.4460    0.5982    1.0000
    0.4445    0.5970    1.0000
    0.4429    0.5958    1.0000
    0.4413    0.5946    1.0000
    0.4398    0.5935    1.0000
    0.4384    0.5923    1.0000
    0.4369    0.5912    1.0000
    0.4355    0.5901    1.0000
    0.4341    0.5890    1.0000
    0.4327    0.5879    1.0000
    0.4313    0.5869    1.0000
    0.4300    0.5859    1.0000
    0.4287    0.5848    1.0000
    0.4274    0.5838    1.0000
    0.4261    0.5829    1.0000
    0.4249    0.5819    1.0000
    0.4236    0.5809    1.0000
    0.4224    0.5800    1.0000
    0.4212    0.5791    1.0000
    0.4201    0.5781    1.0000
    0.4189    0.5772    1.0000
    0.4178    0.5763    1.0000
    0.4167    0.5755    1.0000
    0.4156    0.5746    1.0000
    0.4145    0.5738    1.0000
    0.4134    0.5729    1.0000
    0.4124    0.5721    1.0000
    0.4113    0.5713    1.0000
    0.4103    0.5705    1.0000
    0.4093    0.5697    1.0000
    0.4083    0.5689    1.0000
    0.4074    0.5681    1.0000
    0.4064    0.5674    1.0000
    0.4055    0.5666    1.0000
    0.4045    0.5659    1.0000
    0.4036    0.5652    1.0000
    0.4027    0.5644    1.0000
    0.4018    0.5637    1.0000
    0.4009    0.5630    1.0000
    0.4001    0.5623    1.0000
    0.3992    0.5616    1.0000
    0.3984    0.5610    1.0000
    0.3975    0.5603    1.0000
    0.3967    0.5596    1.0000
    0.3959    0.5590    1.0000
    0.3951    0.5584    1.0000
    0.3943    0.5577    1.0000
    0.3935    0.5571    1.0000
    0.3928    0.5565    1.0000
    0.3920    0.5559    1.0000
    0.3913    0.5553    1.0000
    0.3905    0.5547    1.0000
    0.3898    0.5541    1.0000
    0.3891    0.5535    1.0000
    0.3884    0.5529    1.0000
    0.3877    0.5524    1.0000
    0.3870    0.5518    1.0000
    0.3863    0.5513    1.0000
    0.3856    0.5507    1.0000
    0.3850    0.5502    1.0000
    0.3843    0.5496    1.0000
    0.3836    0.5491    1.0000
    0.3830    0.5486    1.0000
    0.3824    0.5481    1.0000
    0.3817    0.5476    1.0000
    0.3811    0.5471    1.0000
    0.3805    0.5466    1.0000
    0.3799    0.5461    1.0000
    0.3793    0.5456    1.0000
    0.3787    0.5451    1.0000
    0.3781    0.5446    1.0000
    0.3776    0.5441    1.0000
    0.3770    0.5437    1.0000
    0.3764    0.5432    1.0000
    0.3759    0.5428    1.0000
    0.3753    0.5423    1.0000
    0.3748    0.5419    1.0000
    0.3742    0.5414    1.0000
    0.3737    0.5410    1.0000
    0.3732    0.5405    1.0000
    0.3726    0.5401    1.0000
    0.3721    0.5397    1.0000
    0.3716    0.5393    1.0000
    0.3711    0.5389    1.0000
    0.3706    0.5384    1.0000
    0.3701    0.5380    1.0000
    0.3696    0.5376    1.0000
    0.3692    0.5372    1.0000
    0.3687    0.5368    1.0000
    0.3682    0.5365    1.0000
    0.3677    0.5361    1.0000
    0.3673    0.5357    1.0000
    0.3668    0.5353    1.0000
    0.3664    0.5349    1.0000
    0.3659    0.5346    1.0000
    0.3655    0.5342    1.0000
    0.3650    0.5338    1.0000
    0.3646    0.5335    1.0000
    0.3642    0.5331    1.0000
    0.3637    0.5328    1.0000
    0.3633    0.5324    1.0000
    0.3629    0.5321    1.0000
    0.3625    0.5317    1.0000
    0.3621    0.5314    1.0000
    0.3617    0.5310    1.0000
    0.3613    0.5307    1.0000
    0.3609    0.5304    1.0000
    0.3605    0.5300    1.0000
    0.3601    0.5297    1.0000
    0.3597    0.5294    1.0000
    0.3593    0.5291    1.0000
    0.3589    0.5288    1.0000
    0.3586    0.5284    1.0000
    0.3582    0.5281    1.0000
